MediaBfmEuclidian: 0.00000773300576412263
MediaBfmHamming: 0.00002880137898636161
MediaKnnEuclidian: 0.00000446663628897976
MediaKnnHamming: 0.00000876566829200071
MediaFlann: 0.00000975657928762454
MediaOfMedias: 0.00001190465372381785
SQT: 0.00000015454888039614
Graus de Liberdade: 1864.00000000000000000000
SQD: 0.00000001553419445846
Graus de Liberdade: 1860.00000000000000000000
SQE: 0.00000013901468593768
Graus de Liberdade: 4.00000000000000000000