MediaBfmEuclidian: 0.00000724885548476384
MediaBfmHamming: 0.00002936035902259277
MediaKnnEuclidian: 0.00000449875744365194
MediaKnnHamming: 0.00000858119591765808
MediaFlann: 0.00000991796273276619
MediaOfMedias: 0.00001192142612028656
SQT: 0.00000015643832562222
Graus de Liberdade: 1864.00000000000000000000
SQD: 0.00000000864964171252
Graus de Liberdade: 1860.00000000000000000000
SQE: 0.00000014778868390970
Graus de Liberdade: 4.00000000000000000000