MediaBfmEuclidian: 0.00000760021435943695
MediaBfmHamming: 0.00002866996334904939
MediaKnnEuclidian: 0.00000458632800133711
MediaKnnHamming: 0.00001025436760689012
MediaFlann: 0.00000980036456039109
MediaOfMedias: 0.00001218224757542093
SQT: 0.00000041038781524563
Graus de Liberdade: 1864.00000000000000000000
SQD: 0.00000027613471530789
Graus de Liberdade: 1860.00000000000000000000
SQE: 0.00000013425309993775
Graus de Liberdade: 4.00000000000000000000