MediaBfmEuclidian: 0.00000759650576519829
MediaBfmHamming: 0.00002882620260058304
MediaKnnEuclidian: 0.00000441794611359747
MediaKnnHamming: 0.00000866296430191610
MediaFlann: 0.00000970573571649539
MediaOfMedias: 0.00001184187089955806
SQT: 0.00000015185976864401
Graus de Liberdade: 1864.00000000000000000000
SQD: 0.00000001150963066613
Graus de Liberdade: 1860.00000000000000000000
SQE: 0.00000014035013797788
Graus de Liberdade: 4.00000000000000000000