MediaBfmEuclidian: 0.00000778313152702796
MediaBfmHamming: 0.00002827493883755008
MediaKnnEuclidian: 0.00000445234028405751
MediaKnnHamming: 0.00000869532473542440
MediaFlann: 0.00000974401793730467
MediaOfMedias: 0.00001178995066427292
SQT: 0.00000013367113010471
Graus de Liberdade: 1864.00000000000000000000
SQD: 0.00000000110226345460
Graus de Liberdade: 1860.00000000000000000000
SQE: 0.00000013256886665011
Graus de Liberdade: 4.00000000000000000000