MediaBfmEuclidian: 0.00000764830638662966
MediaBfmHamming: 0.00002858137592498611
MediaKnnEuclidian: 0.00000446867003585243
MediaKnnHamming: 0.00000870028945620830
MediaFlann: 0.00000974108695353345
MediaOfMedias: 0.00001182794575144199
SQT: 0.00000013753407789608
Graus de Liberdade: 1864.00000000000000000000
SQD: 0.00000000085085366640
Graus de Liberdade: 1860.00000000000000000000
SQE: 0.00000013668322422968
Graus de Liberdade: 4.00000000000000000000